34
61
131
149
161
296
317
337
341
348
367
501
552
580
598
709
732
859
925
941
955
1081
1093
1095
1211
1259
1279
1349
1407
1416
1454
1541
1578
1626
1668
1683
1786
1818
1910
1966
2041
2096
2133
2134
2174
2195
2197
2271
2276
2301
2314
2351
2355
2465
2529
2530
2534
2613
2632
2637
2644
2725
2744
2860
2938
3052
3059
3099
3103
3137
3216
3292
3397
3419
3460
3477
3478
3521
3600
3709
3768
3797
3815
3869
3874
3878
3954
4006
4012
4040
4156
4166
4171
4224
4236
4273
4306
4412
4502
4526
4647
4665
4679
4727
4737
4801
4815
4818
4820
4870
4902
4968
4993
5069
5073
5089
5170
5180
5204
5217
5261
5270
5349
5376
5551
5624
5651
5676
5742
5836
5873
5900
5996
6052
6136
6163
6174
6195
6204
6214
6267
6399
6401
6402
6403
6404
6416
6417
6445
6453
6455
6456
6572
6683
6684
6751
6773
6842
6870
6905
7008
7135
7140
7152
7226
7308
7338
7478
7488
7515
7595
7632
7698
7720
7740
7925
7951
7977
7979
7992
8000
8044
8121
8212
8230
8273
8277
8367
8384
8413
8457
8468
8490
8518
8556
8582
8616
8667
8673
8716
8823
8824
8929
8931
8964
8990
9017
9075
9112
9157
9162
9171
9172
9197
9206
9284
9362
9406
9593
9602
9623
9663
9735
9946
9976
10011
10020
10089
10091
10103
10119
10121
10136
10157
10163
10167
10198
10234
10267
10325
10341
10365
10374
10380
10390
10455
10516
10522
10588
10605
10638
10647
10654
10699
10734
10821
10841
11008
11009
11054
11099
11162
11163
11335
11368
11421
11438
11564
11601
11615
11641
11656
11671
11717
11759
11765
11852
11893
11950
12102
12108
12121
12137
12174
12175
12268
12306
12345
12399
12535
12558
12589
12619
12645
12647
12683
12746
12782
12806
12878
12907
12911
12913
12959
13009
13014
13025
13049
13056
13089
13178
13205
13325
13406
13435
13496
13530
13531
13605
13611
13622
13712
13759
13769
13858
13904
13949
13964
13977
14073
14077
14152
14164
14259
14266
14276
14308
14360
14366
14409
14430
14474
14575
14617
14623
14652
14721
14729
14785
14832
14890
14922
14928
14992
15085
15086
15089
15221
15301
15309
15356
15368
15433
15454
15491
15496
15645
15656
15670
15671
15711
15732
15752
15761
15766
15843
16082
16157
16169
16210
16256
16257
16270
16313
16335
16358
16545
16615
16641
16744
16778
16780
16802
16803
16829
16840
16877
16886
16962
16973
17046
17136
17139
17160
17207
17298
17305
17400
17403
17428
17454
17460
17465
17593
17655
17808
17831
17891
17913
17923
17928
17967
17992
17995
18011
18013
18034
18041
18062
18101
18119
18159
18173
18287
18293
18326
18337
18358
18418
18423
18426
18427
18428
18454
18479
18535
18663
18682
18683
18790
18816
18830
18843
18937
18974
18976
19009
19021
19125
19166
19172
19188
19197
19263
19346
19400
19421
19557
19626
19664
19736
19759
19760
19788
19861
19877
19893
19957
20012
20031
20033
20067
20069
20078
20157
20203
20264
20269
20293
20298
20327
20347
20450
20467
20489
20562
20576
20683
20684
20787
20791
20810
20836
20901
20909
20930
20957
20981
21027
21046
21050
21067
21185
21186
21212
21265
21270
21288
21310
21392
21448
21516
21564
21604
21625
21691
21778
21779
21802
21804
21811
21812
21868
21904
21919
21976
22002
22064
22079
22080
22081
22160
22182
22183
22184
22186
22187
22188
22189
22233
22247
22251
22252
22256
22281
22362
22364
22386
22399
22426
22448
22453
22512
22530
22557
22594
22688
22723
22727
22751
22835
22859
22874
22880
22963
23005
23010
23026
23059
23092
23105
23107
23133
23217
23281
23285
23291
23332
23400
23402
23437
23441
23470
23482
23484
23505
23528
23589
23624
23627
23629
23696
23741
23804
23805
23814
23818
23819
23822
23828
23923
23929
23934
23964
24019
24022
24029
24066
24099
24148
24153
24163
24225
24262
24267
24311
24330
24332
24372
24482
24510
24535
24567
24578
24585
24588
24611
24627
24676
24699
24711
24715
24732
24752
24783
24871
24880
24895
24913
24916
24932
24937
24944
24955
24965
24975
24983
24984
24985
24993
25050
25084
25127
25159
25259
25487
25501
25515
25551
25572
25576
25688
25779
25785
25804
25834
25944
25988
26020
26023
26058
26105
26163
26166
26220
26255
26260
26289
26330
26334
26347
26366
26388
26389
26400
26423
26434
26597
26601
26612
26639
26733
26746
26754
26783
26801
26804
26808
26835
26851
26863
26969
27013
27029
27033
27087
27099
27105
27120
27121
27122
27123
27190
27230
27302
27303
27304
27306
27437
27453
27519
27524
27546
27559
27577
27613
27639
27652
27686
27704
27719
27853
27854
27855
27857
27899
27906
27908
27925
27994
28050
28097
28110
28112
28128
28163
28194
28203
28205
28299
28358
28379
28392
28416
28483
28491
28508
28567
28585
28618
28637
28695
28756
28841
28883
28967
29026
29038
29076
29116
29181
29184
29239
29242
29269
29274
29280
29335
29377
29410
29429
29443
29480
29530
29545
29576
29640
29677
29728
29740
29771
29790
29792
29793
29824
29833
29852
29888
29913
29950
29956
29965
30001
30016
30052
30055
30060
30141
30148
30162
30200
30205
30232
30262
30293
30311
30365
30381
30384
30412
30444
30454
30472
30525
30529
30532
30556
30584
30595
30607
30617
30622
30646
30659
30660
30679
30690
30720
30740
30741
30749
30753
30755
30766
30799
30804
30836
30899
30980
31037
31069
31113
31119
31153
31217
31305
31373
31415
31485
31511
31523
31590
31695
31720
31767
31810
31895
31936
31942
31957
31959
32058
32116
32201
32226
32233
32436
32563
32589
32595
32626
32636
32666
32668
32688
32765
32879
32957
32965
33032
33063
33085
33090
33121
33161
33172
33224
33267
33300
33339
33450
33500
33511
33561
33569
33591
33606
33661
33742
33757
33812
33897
33900
33910
34093
34158
34167
34219
34227
34287
34436
34442
34488
34498
34509
34514
34524
34601
34630
34672
34691
34762
34791
34815
35008
35082
35092
35105
35129
35152
35156
35184
35187
35252
35275
35381
35418
35428
35502
35504
35540
35541
35545
35552
35573
35594
35611
35686
35690
35760
35793
35824
35901
35933
35987
36020
36022
36072
36115
36122
36167
36329
36351
36358
36404
36411
36419
36539
36587
36598
36639
36704
36837
36841
36915
36943
36952
36958
36971
37026
37058
37186
37196
37295
37309
37383
37428
37464
37470
37510
37572
37612
37617
37657
37737
37741
37790
37810
37821
37828
37865
37877
37883
37887
37911
38062
38067
38121
38136
38139
38199
38219
38231
38264
38265
38288
38296
38346
38388
38398
38415
38435
38457
38519
38525
38631
38640
38644
38773
38838
38860
38905
38907
38922
39011
39034
39170
39211
39249
39297
39313
39392
39436
39480
39486
39559
39570
39660
39675
39695
39699
39705
39706
39738
39745
39754
39756
39758
39760
39762
39786
39829
39843
39880
39884
39911
39923
40030
40034
40041
40047
40101
40105
40118
40160
40249
40264
40337
40383
40392
40441
40457
40549
40589
40591
40601
40609
40618
40650
40669
40731
40764
40816
40910
40918
40926
40945
40971
41028
41081
41110
41158
41185
41203
41225
41237
41286
41324
41333
41517
41569
41628
41636
41677
41761
41816
41823
41988
42008
42047
42110
42133
42194
42210
42218
42262
42279
42371
42376
42439
42489
42494
42498
42501
42528
42529
42563
42576
42711
42727
42798
43003
43042
43188
43483
43486
43508
43706
43712
43810
43937
43960
44005
44013
44208
44263
44294
44329
44345
44360
44363
44479
44481
44520
44629
44777
44797
44850
44941
45089
45120
45276
45348
45370
45442
45473
45500
45541
45576
45616
45686
45732
45745
45803
45806
45869
45907
45968
46019
46052
46061
46071
46142
46179
46200
46349
46403
46414
46450
46537
46556
46589
46719
46832
46997
47003
47050
47059
47072
47127
47129
47232
47577
47624
47626
47785
47861
47974
47976
47986
48105
48122
48202
48228
48230
48328
48330
48333
48566
48568
48669
48708
48825
49012
49067
49197
49382
49409
49424
49437
49470
49486
49528
49587
49624
49727
49739
49775
49786
49792
49807
49836
49866
49879
49926
49964
49995
